út(nagy egység) idő(s) feszültség(V) út(nagy egység) idő(s)

4 37.06 505 -4 16.73

2 95.47 505 5 12.75

3 128.9 502 4 9.68

3 65.1 502 4 22.31
3 59.19 502 4 25.94

3 61.62 502 4 26.22

2.5 47.72 502 4 25.43

3 20.50 502 3 7.68

3 62.75 502 3 19.25

3 42 502 4 14.82

2 39.48 502 3 18.63

3 60.08 501 4 25.91

3 24.2 501 3 27.40

3 33.25 501 3 56.9

4 34.35 499 4 10.81

3 31.10 501 3 15.32

3 31.62 500 4 21.17

3 52.13 500 3 23.96

3 52.03 502 3 22.53

3 52.06 502 3 23.52

4 35.54 502 4 9.28

3 31.06 501 3 15.86

3 60.94 500 3 15.34

3 59.97 500 4 26.32

3 44.22 498 4 8.82

3 78.68 499 3 14.59

